1 0 3
2 0 1
3 0 4
4 0 2
5 0 3
6 0 3
7 0 3
8 1 4
9 6 1
10 14 3
11 22 1
12 26 3
13 35 2
14 40 3
15 49 1
16 49 1
17 54 2
18 54 1
19 57 2
20 57 1
21 66 2
22 70 2
23 70 2
24 79 1
25 82 3
26 88 4
27 88 1
28 89 3
29 94 2
30 100 2
31 105 1
32 109 1
33 114 1
34 117 4
35 126 1
36 126 2
37 132 2
38 136 2
39 141 2
40 141 1
41 148 2
42 156 1
43 162 1
44 163 1
45 165 1
46 165 2
47 169 2
48 173 4
49 177 1
50 184 4
51 188 2
52 195 1
53 200 2
54 202 3
55 203 1
56 209 1
57 214 2
58 215 1
59 216 1
60 223 1
61 230 3
62 237 1
63 246 1
64 250 3
65 252 2
-1
